1382
1045
8449
1557
4698
8110
1555
7693
4166
5462
266
2426
4112
5326
3551
6156
9967
7265
9010
7813
4401
5241
5252
6074
943
2068
4493
1846
774
7010
1498
9648
1626
9152
5625
1866
7623
6614
1731
1903
6419
7379
7723
3239
1597
5643
5394
8712
1292
7289
6655
4751
3702
8055
2339
4132
6646
4803
4103
589
4729
2058
6078
7126
2577
6118
6920
6342
9704
9606
714
1114
5367
3725
9171
4186
6758
7653
1029
9673
1407
5863
6536
8463
1207
8753
7377
9053
7201
8217
1629
7204
6599
8564
6912
3251
9755
1484
5002
2014
9983
6514
6095
1497
2027
2233
3172
9735
1200
4765
5335
5600
9813
9481
9238
1902
2588
2753
5397
649
3393
2928
9297
133
8044
5571
5506
1575
8118
7973
6996
9088
3493
2440
6317
6135
8428
9857
7370
112
3569
5103
3596
3005
2557
3254
231
7476
9209
5991
4209
5571
3027
3527
5857
1020
8350
3327
8497
9484
7388
6626
7757
9215
9576
2345
6325
8672
8779
1953
5824
7555
8875
2993
4370
2201
5819
3141
3564
2273
3209
8557
7539
9443
3761
7569
6742
3083
4170
6605
6922
8304
640
5467
3413
760
1490
3321
8363
5183
4269
7070
8766
7823
4381
6620
345
3076
9157
1351
1343
3274
2266
7094
3325
6242
1681
5334
1541
173
8154
3053
9678
7298
2809
803
1718
7768
8381
1265
6090
1083
1677
1632
3473
2417
5386
6329
1043
5192
3056
114
1839
5743
1964
671
7751
8082
8841
1792
518
3585
6333
5136
5137
5646
8585
5063
6705
3579
4986
6773
7751
8136
468
3413
807
777
8891
5861
5368
3866
941
7291
1032
1469
9642
951
4026
9892
7434
7671
9099
8944
2914
2982
9512
8991
481
4898
9692
7931
5849
5240
1864
1662
9960
9731
6301
8087
1297
1344
279
6153
4592
802
6066
810
7334
1486
6698
467
1035
1580
4954
7993
6141
6461
2348
7400
993
5745
5822
4416
6384
2651
3356
5220
8640
9281
5861
9683
8184
4052
4750
6451
7866
4052
9971
8890
2543
477
4636
9743
380
3195
7263
9232
2496
8135
1523
1995
6092
3318
1005
6062
3555
6225
1418
7866
6731
4348
1473
6870
6355
6750
4379
5778
1857
494
7053
1950
1981
8777
8625
7784
8408
8518
5354
1842
7870
5117
1875
5507
5331
6818
3111
398
6255
869
8336
7975
6820
5865
812
7678
2038
4736
3093
7512
3727
9292
114
6663
5651
4217
9855
3897
1023
1721
3570
6794
8330
3760
8645
5245
9926
3450
5693
7477
2546
9923
9806
2222
6157
6211
4765
7744
530
686
8238
3407
9623
1832
2617
55
5758
6613
9903
118
8969
8080
610
5809
2208
2469
79
1700
2238
4473
4657
6701
3559
4954
8938
2658
8073
4349
9177
3330
8817
8193
20
9929
3
7147
378
4476
5317
617
3732
5186
9686
7568
7858
1380
6234
4280
3616
9116
8811
9337
6833
8089
361
5459
245
5736
9726
5514
9033
3989
8118
4347
278
2396
2291
7847
4309
5859
4231
9121
8277
549
5099
8341
9483
4867
394
4835
5596
5609
5519
2179
161
4913
6990
9118
5942
3951
5799
621
7382
6917
4420
2715
9976
9085
5404
3525
9292
7272
3946
440
1075
7256
2106
5860
4700
376
5758
2946
725
4206
5782
3718
3812
8881
4566
7075
6120
3087
354
2485
9368
1722
3651
3566
6867
1948
9842
8036
778
6636
8427
2252
937
2598
8491
2676
3543
1353
8059
992
3086
3727
8008
744
5462
5564
5130
9627
7325
5161
629
4258
9111
1825
2538
6852
9995
8815
7488
1487
8427
78
3274
6116
2420
1484
4698
3083
6388
4985
8013
1271
2624
6631
3276
8078
542
6529
2056
2727
5701
937
8319
6697
9755
9646
4493
7045
7770
6284
4782
18
6813
446
2122
1918
1817
2439
916
276
6288
6939
4260
2952
2982
4732
9853
2566
569
5187
1696
5778
2884
8969
1063
1030
6042
152
705
2073
4705
7543
8473
1083
3106
4630
1677
970
2157
1552
9311
3248
5515
1764
9977
9944
8417
6980
20
838
4668
3364
9696
681
9598
5191
9341
8250
7200
239
8386
7427
4284
141
5713
5633
9454
7324
8319
5884
5317
640
9921
655
6980
8045
7891
5250
6834
7390
3176
7046
8783
5867
3971
4004
8230
1718
3702
177
8977
3333
4643
245
304
3895
5958
4316
3772
6263
9705
4712
9996
8883
2025
8842
8738
538
877
4893
7811
4569
2334
1621
5778
2969
8794
3856
9442
6557
9871
7111
7208
7064
7900
3470
7548
7338
6469
4225
6654
3926
654
570
9265
4736
9726
4636
9333
7698
3908
1749
5528
6848
873
1403
1291
7736
2764
3189
3137
4756
9775
3022
310
4332
2690
6997
3610
2018
2678
3791
3032
6042
5515
588
1916
7027
5812
610
353
7948
1684
5737
1143
3679
943
8594
288
2728
2204
5725
2988
9315
3020
8547
9819
7471
5125
7934
3692
7752
4041
6368
6294
7744
4358
3643
4634
4290
6220
2613
1776
2706
8642
4738
9688
3678
3693
330
6683
7616
3535
7346
4681
9044
8102
8012
1691
9572
6183
4079
1724
6713
1471
6546
1829
1849
1591
984
7663
1276
2714
3436
6285
3614
8587
4958
5447
8121
3074
9987
6851
6925
7929
6586
813
4621
3614
4463
4799
3230
670
2753
7225
5848
4981
9038
1404
9675
1277
411
8302
8308
641
3173
1331
8884
6634
8541
2912
6776
8651
543
5887
7901
4321
5032
1700
3295
3682
3365
6038
697
3154
6820
7467
2220
4187
6095
5000
4854
7391
1187
3121
5609
6259
3622
3318
6630
6831
7826
5672
6896
5706
2736
343
5660
6599
7131
4196
3021
7699
3471
5280
1497
4755
3466
1092
2276
8216
9051
2859
2195
3831
9038
5766
45
8663
5001
5647
691
1635
9141
8307
8254
3235
7790
9174
289
6846
2087
5169
3562
8038
821
9186
2721
5236
783
2849
5381
5242
7713
7643
6601
8110
5366
4431
3893
8501
825
794
9389
3263
2923
6887
1832
6733
3227
9554
3658
5854
4834
3548
5564
