5582
348
7387
8385
801
5754
4638
5443
696
9157
6187
9739
7293
2110
473
2997
1077
2457
8439
7129
6212
5400
2322
2367
9276
386
3718
6023
4249
9458
7792
995
1725
1552
202
806
3643
4794
177
6675
1090
2243
5071
2131
1891
7524
4388
6092
7031
6544
4078
3125
543
7716
8681
736
5160
5924
7762
6198
5877
7804
70
7667
6600
9844
3550
7170
7425
2427
7037
2113
9629
7167
1598
6506
2998
1983
9315
3065
4167
3502
8281
5569
5054
4542
4832
2767
3649
37
2670
9733
8292
4643
9621
1219
8952
4447
3002
5526
1040
3498
8804
9766
192
5361
579
7192
7562
9565
949
5374
1726
9590
7699
3595
5420
8877
2198
4958
7128
4109
6524
2431
8376
2118
7180
2859
6532
6503
9024
7001
2974
6484
3332
5890
4534
7241
1486
7668
2025
3361
1080
6391
8217
2497
9534
2335
8048
652
3094
9536
4158
9159
4040
409
5069
5808
3213
8747
6682
6791
3711
4834
1155
79
6267
3702
8576
4867
7671
2831
8578
7335
3686
7875
1635
1481
7684
6429
1164
8937
8303
2470
8498
9159
2338
4739
3079
6821
9978
5276
1537
349
4626
5451
5528
5384
2014
7981
6085
3920
377
1257
9793
7938
1240
549
9039
717
8198
3104
5366
2478
8996
4178
6737
181
4539
3268
6895
9639
3301
7887
9255
8497
8849
2055
8493
4722
280
4942
3259
9754
3263
2891
9628
6867
7875
7361
175
5118
9765
399
3120
4100
1144
3176
5263
9247
6114
6157
5425
688
5516
7251
3776
4701
17
7617
7765
8884
2113
36
7406
3426
8190
601
4227
7404
8059
9359
9730
9885
7798
6982
988
3085
9235
7556
8707
2059
4021
3736
8728
1382
8859
4291
5060
9640
3025
1664
779
2767
7134
1624
3131
2144
456
3834
190
8023
3884
9591
3645
7562
4248
4581
1527
1663
1629
1321
2537
1373
9695
5400
1718
2661
6315
6530
8573
7036
6489
1667
8446
2245
6258
5424
6171
3175
4120
8561
2796
4948
687
6385
2312
1174
8659
353
2682
1663
9671
9155
286
7151
5218
3099
6986
7968
7954
1109
1567
9214
9516
7734
5868
2663
6286
6471
5078
1111
7629
1144
5564
2354
8104
9597
3323
3790
9864
2523
1798
274
4837
6377
8104
2985
974
8084
8179
4498
6192
8075
9508
6574
3611
8658
9900
7585
4767
4185
9015
1575
396
9997
6438
9145
4786
6853
7839
5145
3424
668
9104
2036
4820
530
4936
8314
2065
6473
4985
1194
7989
4259
6583
9764
5666
2350
1248
1136
1585
3242
6596
8884
2553
2310
4958
1263
5071
1053
3338
224
9126
4327
5958
7896
8686
3998
940
8052
9544
815
7258
2350
4290
6072
8872
3926
4037
9113
57
997
3648
4930
8712
8400
6337
5746
9087
8708
2563
2686
743
1008
2572
6101
4207
9568
6316
5631
6174
1382
4926
4522
6403
6828
3070
1361
3408
4999
7154
6926
9301
7835
1429
7298
7499
1924
2858
9815
1216
4756
6077
6974
8853
1264
6121
3900
6051
3081
337
5243
5504
6227
8992
1559
3875
7596
9209
2989
5512
5728
5809
7831
6257
5336
9018
4082
725
7497
114
1754
2864
7505
7648
1506
3344
4966
6220
7299
6726
6203
3399
7877
3487
5567
6990
4614
9703
9410
7146
7853
572
5414
6258
3549
8368
7526
521
8374
774
748
4999
1405
1030
7427
9208
5450
1981
6994
4061
993
4051
4666
9028
5010
4141
3956
7540
6809
5721
6873
7854
928
9604
3230
9165
4860
341
6508
3198
9447
4801
4757
494
438
7403
1748
1419
1430
7930
2259
2493
8589
788
8236
5481
9329
4505
8657
380
3257
5294
1043
7508
3068
6401
3326
8335
7746
6007
161
422
2290
9746
1294
8385
6859
4416
8232
7424
3085
6814
1279
9493
6027
6859
2743
4640
7490
5918
9821
4894
8800
8172
8264
6659
1183
2762
5319
6452
7757
8125
50
1633
1329
3177
4032
1469
2046
945
8222
725
4920
4175
2480
2876
1976
8839
9111
7984
3697
1118
7696
1213
1135
4884
5256
2230
1047
2303
1539
8092
7177
2634
4584
631
7335
188
8581
5804
2170
331
2112
5813
2063
7830
6148
1720
8758
3896
1692
4375
4176
9336
6060
4968
105
4034
6929
3441
7062
9214
2679
9960
3647
2418
7857
1057
2764
7215
2881
7046
1163
9477
2212
5072
985
8975
2365
1139
7449
795
8776
2522
320
4500
7866
9093
3242
5240
6933
1570
4363
3030
8344
1567
5726
304
7374
1226
7418
2012
7190
7285
245
2298
180
620
1906
7366
8920
139
6371
9810
7320
8811
8270
3154
5779
5062
6875
658
6506
3571
8280
4198
6808
3853
5319
878
5889
7645
1898
839
3448
2914
3379
2545
5594
9352
7054
3805
8364
5328
8303
9946
7302
3361
4483
2405
2753
53
1104
6679
2985
9748
5809
896
71
7041
5770
308
5722
3252
6262
4246
2930
9950
7662
5235
1951
5791
7403
2365
8726
7117
5258
190
9316
1962
1139
8666
347
8745
280
4584
5738
7536
3579
5731
2212
2900
2071
2778
1363
4146
9417
3545
551
7892
8538
3626
434
8574
2540
2449
4441
5278
809
8874
8363
272
3320
9814
1909
3834
3226
1997
2112
2789
3872
3924
9822
8004
5551
3360
3933
3686
4134
9303
6234
2149
5296
6602
1524
4965
1917
8602
8881
4766
3473
6655
3407
3658
1280
8321
4991
2328
4103
3544
2313
1809
8702
9608
1669
6963
6152
3492
3924
8120
3326
1061
850
847
5804
6228
6320
6082
6195
7225
7520
9498
4793
6516
8166
1666
1869
6192
4358
8206
6175
7835
1119
1513
3550
1240
4326
534
6064
7926
4422
2384
9963
4314
4307
5305
6959
5927
8280
4408
9003
2718
5061
3253
9184
3684
4052
8979
5989
7175
1032
9760
1469
304
3999
6131
8431
6292
1492
6796
7216
8942
8994
9664
1690
4615
9411
2515
237
9182
1882
5096
4686
1042
2948
8825
7355
1059
6759
9172
5191
5524
5733
5687
8991
2880
2621
2751
2255
7301
3888
9311
1102
3410
2359
8841
4284
