35
4339
6482
866
6487
1502
7782
632
2106
5221
599
1157
9148
8001
9278
6382
3605
7316
450
640
8066
2688
986
5112
8261
275
7049
8635
1001
1591
1824
2533
4978
8924
257
7030
7945
8970
8428
5163
8709
7450
7591
4654
4223
8582
9772
2355
560
7786
5524
6538
6006
6944
5747
1030
5025
1756
1104
4177
2647
2009
381
2469
6204
464
3569
1675
9095
3362
6096
3964
5398
303
2878
9243
9177
3415
5200
4550
8185
1577
5957
2372
56
205
7958
2021
8077
1659
5295
1726
1589
8052
4103
4360
27
1873
5309
9928
9300
6909
4764
551
3327
2864
3880
5305
2788
4172
6014
8210
3598
4963
6824
9850
5523
2504
5930
413
5797
2445
767
4431
8084
808
1728
4563
1357
9961
3408
4017
6294
1061
6607
8230
3483
9125
5936
8555
4478
4210
6962
31
7262
5433
2655
8532
1931
6646
3806
2371
7117
8010
6193
7629
8314
1559
6959
2596
2763
2559
4948
6795
8255
6293
7992
1072
3144
9966
5188
8610
2101
3266
8379
8318
4904
2251
9671
7409
5214
111
2979
2542
7776
7629
941
1529
6580
2547
1318
205
3361
5860
7937
5963
170
5915
123
4859
4983
3800
6601
4897
489
8727
5773
2891
7199
6692
7802
4372
9269
9191
4288
986
3289
7582
9303
7885
288
9056
757
7508
7437
1087
2452
4381
7781
6792
3900
2916
2655
7712
1529
5444
9597
9089
4315
141
9872
2018
7396
1597
603
8711
165
5302
3116
8140
1053
728
4146
8704
9160
4781
21
3483
6911
5709
8750
4901
3733
7356
8641
3020
7304
2327
4210
4109
595
1028
1782
7964
226
983
488
619
2811
1016
718
7151
8260
3956
2810
7078
3051
8511
866
4282
3926
5044
8460
2496
5937
1243
2129
6025
6868
3584
8904
4776
2755
6279
3962
8367
5790
2858
4158
4666
7050
4120
5832
8127
4211
9615
7717
3291
6188
2132
7103
3391
1069
4849
6895
669
2100
1218
8635
5132
9571
6368
6424
3123
1429
1817
3784
1991
1345
633
4407
9769
756
6171
7369
3520
5754
2850
3643
5477
8305
2703
7054
6199
9430
216
7218
324
6501
5960
5466
5208
4114
7326
5404
9774
6147
5219
9172
3188
7956
7112
599
6103
8343
9977
6443
9144
6615
8999
5537
6286
1615
9141
9816
6292
6039
5211
7099
713
115
8032
1574
4664
3404
6027
5886
503
7448
5338
5146
2006
8322
9632
6903
5645
2922
9456
5861
7761
2811
1785
6297
4433
7501
6820
2457
3478
474
7755
7764
4928
3017
5643
119
3932
2204
4291
6113
5676
2481
7176
7498
4080
9680
4045
5620
2989
2414
8946
1641
3168
4795
3053
7324
4529
9641
8557
5203
3189
8381
2701
3440
2887
5272
7439
5158
3506
7861
8765
5435
8482
6217
6814
5856
3286
8561
1465
6725
4349
2516
117
3865
8308
2466
9182
1214
8442
735
8285
4385
2139
8071
1392
9169
5018
3562
6322
7496
9085
760
7068
3950
7640
1898
1941
3129
9462
2828
7406
602
3366
4065
9482
2960
7881
263
777
1000
4867
4827
3132
2473
891
2589
6036
4817
4645
1431
433
4155
5284
9093
4
6520
4421
5318
449
8988
465
9436
6556
2094
6835
1663
265
8762
3828
8832
8377
1067
2281
2540
5094
5328
5665
4438
8583
2857
1712
77
6315
6464
6919
4054
9584
9744
3613
9606
4539
6695
6937
8448
5658
6700
1349
938
6406
5463
6766
7978
6100
2766
5565
5940
4136
9321
5311
3683
5003
21
8686
8584
5498
1305
8165
4034
9679
1085
8057
3964
7841
5778
2189
204
9983
1420
3911
2861
9326
1661
6141
4203
6113
2443
6231
6604
9911
4821
8104
5236
1364
2409
5439
6861
737
3220
6648
1119
4182
3932
4469
6441
1625
7412
9153
9429
38
8600
9412
5860
1684
2353
756
9765
6158
2489
6530
565
4524
5189
8748
1570
3702
1495
2037
5466
5139
153
3747
3733
6608
8661
1218
5508
4444
3204
7766
9721
8957
8439
4051
8635
7013
784
4182
2141
9839
5387
6247
1831
7493
1908
6099
4058
9344
9997
1330
8414
169
7827
6227
7137
9878
9618
6922
3588
6022
4190
8551
9188
4803
8180
1424
713
4276
2660
1189
690
5028
377
1768
6078
6745
3469
7094
9335
6688
3529
3676
7625
5973
1272
6593
4759
1918
2619
3659
5367
3706
7907
9421
4418
6637
9033
6656
3925
2191
9317
7836
8094
393
1599
9763
2721
5660
9701
8720
6606
8691
9424
2594
7500
7296
4569
4772
1952
7567
2463
157
865
8052
2114
1412
1878
2514
9752
7076
7054
921
3208
887
6507
5421
1832
2336
5382
781
1699
556
7201
9592
2685
1814
9110
5196
5399
5912
4666
3320
6954
1338
5278
7121
6587
2270
9509
2928
4431
4115
7069
2978
5109
2773
1466
825
1114
7195
6137
6111
5685
7247
1067
5522
4605
8373
795
3638
9549
3388
62
4342
9341
3036
8899
5433
2187
9383
8674
6278
5944
5543
9918
4086
9722
9580
6804
5521
2475
4878
9331
355
5428
6583
4709
924
8428
4035
9129
3246
9062
8659
2420
8914
1330
5587
4144
7626
198
2657
8230
7149
2561
7897
3587
6933
1759
5242
2676
9812
1600
5837
9006
3645
9883
3523
1863
8989
1546
2827
7467
2276
8038
7511
2067
5662
6937
3354
3038
8
9549
5921
4392
9189
5755
3403
1358
3897
1440
236
9156
387
2514
7127
3739
5891
6621
6530
6376
4586
883
2306
7505
2056
9249
461
3176
269
412
1954
4641
6802
7457
6117
3532
6860
3914
7303
7870
4023
8080
7342
65
2649
5296
434
1813
8315
5976
9422
9863
5598
9440
1845
574
5074
5995
536
8355
6532
2375
4104
8076
340
2870
8572
2409
863
1723
9987
9336
6252
2090
926
1601
5663
8127
8417
8417
5852
7608
1004
7328
3253
2596
1560
7420
5941
6136
854
1641
2137
9749
2243
4262
1794
9962
4783
6859
2407
6029
7132
5187
9789
7983
3664
8721
4270
5261
5341
6299
9299
9455
7781
7008
2821
849
1672
6427
857
4287
8475
9318
1152
4744
9561
4855
8612
3927
3491
5349
524
8382
9835
8682
7246
3571
3229
7697
9757
2007
7089
667
4201
6622
6508
7955
3533
9594
6759
2139
684
6250
4776
3059
3283
1878
3003
6742
2612
1070
4771
761
1183
6893
2933
9322
3928
2392
8993
6678
9148
6247
4928
1632
6256
3764
2712
4123
3400
7967
3816
1914
3388
8849
2753
7776
9774
2996
9743
2425
9782
2196
1438
3980
3732
1019
1403
625
8897
2454
2273
6828
2244
3595
8948
9464
1801
6227
9180
9415
3996
771
3151
2717
309
6187
3347
584
6700
3042
6347
9243
1205
2976
6869
6067
6071
8456
4278
8017
2251
8278
923
2858
7495
1387
2298
2481
6374
3542
6401
3847
6902
9350
5474
38
6735
4974
9152
4792
1584
430
7058
1543
1162
8973
2047
4511
4823
719
5414
1819
386
8704
2901
9004
413
4325
8860
6936
7115
9335
5249
1634
1569
1382
2753
4813
9426
4341
4322
4214
3555
1321
3130
769
590
5662
2399
9368
4895
7328
9130
6862
5519
1846
954
9928
7938
2107
1091
3517
7476
3453
6989
3402
2549
9912
6191
6040
2135
6518
1978
43
8304
5335
9665
4929
624
6196
2264
3384
6126
9707
24
7106
6751
6912
870
5920
1895
8369
1453
2923
8886
7736
7530
6136
3244
4684
691
3021
8251
739
6787
1278
4319
4745
5973
9856
8555
4240
9945
4019
1476
3049
1026
4255
317
6991
6229
4994
3622
7054
4751
96
7706
1630
7345
7229
695
6629
8632
4522
1634
4682
1718
8052
2491
3715
9333
9774
4773
4774
7703
135
9882
7900
2157
2632
4893
1578
2504
36
7098
423
6973
2469
887
8531
1136
3404
2344
2893
6798
5790
3940
4439
2373
7538
9547
7424
2344
9270
3712
7079
9510
8709
9809
3163
6102
552
896
2262
1938
8364
8474
8263
4750
2824
6701
7563
6062
5405
4583
9362
9418
7162
50
7672
6621
5634
6
4929
2653
3009
5003
1194
8123
6999
7266
8258
2326
6102
6624
8599
8855
5374
680
4844
2898
9961
6966
4870
8464
6662
5705
554
2831
1968
627
9896
6878
8830
5254
4656
7541
5567
5099
9691
8015
8866
3871
6193
2355
5382
9852
8738
7838
2806
5084
7719
5417
7474
7135
2331
8537
5217
9302
3891
8569
2939
9507
3577
7533
7929
3853
4050
7143
5130
5890
4588
3527
2709
2177
7291
6896
6929
8914
3114
238
2030
2044
2695
7724
5073
3406
7464
6728
7055
6012
455
3148
2446
1012
6406
9051
7889
765
8322
6152
7761
5126
6839
3988
628
9568
808
5570
8346
8840
9247
6395
8851
8362
956
345
1697
9888
7548
1061
3179
8612
4159
4524
4913
3123
8814
2080
1610
5154
2261
2174
1505
7242
3067
9041
8028
2661
4119
9182
9554
2842
3298
4292
2763
9709
9840
2241
3242
2498
7533
8543
9635
5573
1991
8424
4694
8258
8456
1444
3523
8854
5683
1299
5721
2802
8803
4454
8531
2381
4239
2428
7330
2531
5802
727
8185
9099
3111
2820
6818
8842
2359
3817
9041
2705
786
5866
589
5076
9130
9272
1877
8456
4037
4973
2565
5510
6258
6413
8162
4220
4079
1252
5973
7564
9148
5001
9711
7750
518
3039
8875
2004
9126
9017
5374
9705
7160
1625
5758
5457
5288
2230
2802
4615
3634
961
756
2814
3720
5270
4169
3770
1676
6525
1683
2047
6629
5087
7197
833
6594
7505
938
5250
7946
2804
7800
1932
5283
9007
852
9019
9337
340
9507
9169
4963
3515
271
850
7600
3110
1102
7450
6207
1124
7193
4637
405
3748
2721
99
3476
5302
7706
4255
6418
6211
5756
3475
1275
9170
3994
6640
2188
5447
461
6927
42
9912
5979
2044
2501
2622
4248
8821
3523
9609
4516
2835
2772
4906
2912
8706
5102
4586
2679
397
3247
6346
1624
9857
647
4176
5753
2625
2906
3680
8039
9599
8681
176
2444
4485
9991
914
1376
6214
7887
7658
1230
6055
1847
8374
7841
196
6124
9660
1169
4820
3713
9114
3234
3856
2160
6913
1251
6674
8868
7698
6958
9762
5721
5950
9206
9555
1224
1704
7114
3499
9405
1273
9435
4973
1399
3381
2691
1677
7971
9082
9804
6328
6394
7715
9742
4211
5708
3375
8778
4151
3319
1753
8874
8796
5913
6868
6004
7338
926
4413
7610
9577
6827
3996
5168
1936
6306
3638
1196
6985
7122
4152
6521
1006
778
4168
8655
3481
18
2660
277
1016
1083
3357
9348
5619
7029
9760
5585
7785
7447
6246
8312
4906
559
3243
703
6343
168
2455
8196
5722
546
8778
9804
6485
2967
6792
7663
2604
834
533
4924
6961
9579
6664
3015
8091
3917
6761
7078
3487
8063
7414
5357
8290
9460
9639
8867
5699
8130
4646
2006
7042
401
1048
3622
3292
2803
2836
8926
5072
8434
4219
3872
9028
9229
959
8144
1874
3890
3946
8930
7202
6353
8637
8279
6000
914
2143
684
9423
8691
2960
8560
6260
4530
7631
6055
5295
5210
3513
5680
221
9291
1275
3500
505
6520
9559
5422
258
9704
9770
7608
8448
664
7360
8828
8082
5727
717
6926
8300
6860
1279
6332
4866
8622
9693
9422
1809
1243
7130
586
727
3707
1528
2822
8684
6675
4232
6316
402
5867
9794
8204
9413
4450
4961
3203
5022
4131
9714
8314
6276
4460
1666
939
5462
1670
5850
4117
8658
598
6288
6089
8825
6791
3925
8745
1011
7026
6908
3188
6947
4643
7927
6530
5767
2435
3993
2133
4975
7942
6898
406
2199
3334
3306
1031
4077
4692
9988
3844
1900
2353
8853
8062
3769
1968
5295
3875
5415
9830
4423
3222
6730
6857
7005
986
337
9826
3625
1724
6529
5723
5872
7299
2997
2496
7134
45
9543
4329
6011
7863
7007
3047
4360
6351
1190
7901
8535
7871
9753
1499
7281
9735
9936
9504
190
1539
5420
8666
1802
7454
538
923
8871
7885
3996
2240
1952
9785
6584
6764
1688
5183
9419
740
1043
5052
7985
5127
4527
812
3581
6767
4406
4432
8214
6835
8164
76
4894
5483
1081
6839
1622
4201
4213
2084
3847
4382
730
6272
8076
8490
1907
5154
1318
1658
6251
1658
4078
2182
7860
4815
9757
7307
9877
6591
1630
4997
6281
5926
3800
1850
1637
5621
7952
9124
3939
8769
9760
4495
6583
5175
1473
2779
213
5084
5401
7044
8474
9295
9278
2407
7219
8692
3999
8976
6251
734
5453
2967
4857
8997
9506
4372
958
2323
4220
644
8797
2274
5801
6166
2756
4859
8265
8317
2374
2417
7609
2139
3074
4685
2943
2108
7692
3877
5720
6139
2082
8738
8999
5267
5520
3928
2312
8639
3667
3525
8288
2988
5754
8820
5298
3474
3714
9858
6070
3695
8117
1088
7885
5234
6319
3339
5734
876
7218
4332
1281
2826
2505
8094
2901
8690
9249
4139
7552
9958
819
9435
3515
4970
9975
671
5799
3622
1439
6701
9422
9543
5336
3905
1119
1370
3506
2714
3640
6769
5796
4105
9838
6372
249
6945
1871
5741
397
5666
6518
8615
7857
8943
1504
7263
5903
2522
9507
6161
1019
4336
1703
5814
6534
3130
367
8982
1969
3895
4887
7748
8226
754
2772
4993
650
5642
4549
2113
3401
6538
3402
1388
241
3794
3144
3759
2824
3042
9977
5227
4958
6607
3419
5252
4305
6595
8923
2893
9579
4085
4536
6419
2308
687
3646
6413
7549
8047
2790
8427
5581
1556
6009
3984
5792
5258
7539
7092
1863
9863
6929
622
7819
6829
5722
2683
1679
5136
8133
5574
8223
502
860
1704
6879
5499
5242
1000
8470
9907
7164
4986
1688
9230
2053
3076
9363
5632
4322
9947
532
8516
1358
8679
1342
4867
388
4379
7835
1632
3576
9598
6038
2700
9638
8010
1089
8745
7770
6930
6632
9782
9776
4899
2890
7516
6234
170
3246
543
3451
9432
261
1910
4724
6848
6096
1686
9216
3751
6530
2445
4396
4782
2645
6453
9023
3661
4777
5223
6372
107
131
5728
1212
6549
6400
4207
2791
7996
4501
188
312
1529
9534
7293
4858
151
7303
440
8047
1928
4368
9827
729
480
3362
2697
8042
2865
6821
7766
632
2094
7981
7314
5470
7263
7051
8782
9038
6548
3877
3078
4932
8369
3233
4960
6001
1077
5108
6054
1416
7444
7120
8448
7340
383
4878
9510
1891
5290
7047
6795
125
8410
409
8349
851
9690
1636
4339
1109
4227
3855
8710
7045
5802
9982
2098
4022
3246
8931
4630
5859
3985
5169
807
4927
7653
3815
2912
2846
8479
5762
4193
1115
2464
8507
5827
4636
5420
7749
3172
9645
9770
6451
8831
2179
6838
7382
1854
3594
3086
8768
2693
4130
188
3696
5907
2260
5105
3240
684
598
3140
1800
6674
317
7795
412
8282
5297
5216
4009
4573
113
8307
8989
7369
7157
1378
855
6994
227
4795
2155
2790
8271
6180
8742
2468
2638
9875
3843
7681
552
6818
183
2125
3517
5692
7975
7734
4904
9574
6142
3111
9374
3792
4659
8014
1330
7841
5801
1936
2516
4244
7368
5244
7631
3621
3655
4768
891
2333
423
5663
9477
2785
1786
7703
3564
91
5635
9870
5518
2140
4264
1727
7161
1751
4075
1051
6262
9540
5342
3261
1562
4412
8233
7596
4968
3630
930
9372
344
881
7738
4146
6185
1791
5350
797
612
5641
7713
4281
6890
4762
3103
89
3560
3424
2059
6074
2458
5135
3176
4539
416
9260
4542
9231
6349
894
4325
1121
5227
6693
5009
6044
8203
4269
2011
8590
5236
9657
7012
3855
1087
7048
268
6741
5102
5816
1839
4225
6448
5694
9235
5811
557
5631
4070
192
6343
4831
2921
4811
6610
5985
9759
7406
4417
2922
1864
1866
5588
7548
7457
9381
7537
4275
1299
2463
1609
7585
4352
6701
433
944
8563
2593
4732
6504
9226
6089
6707
3002
4785
8768
5317
9228
6965
948
5257
4451
6950
6367
755
2248
6974
4485
4531
9180
249
3980
4791
535
4004
8924
5222
6873
1876
1143
5685
8612
4882
2516
6511
4443
4676
1755
3545
9873
9517
7913
9944
8906
6046
8629
4522
1104
6666
4076
5120
5240
9407
8921
6910
1237
855
6885
1437
4655
4552
1690
7878
5855
1260
8893
6613
7761
1100
5443
3785
7235
8406
6321
3740
8926
1320
2013
1474
5384
9110
2975
2427
3419
4798
5144
6012
5058
7390
4835
6973
3091
8441
7417
9943
6583
5620
185
236
4798
3627
4381
3155
2636
2981
3795
5707
1164
333
6056
1809
1248
4536
9618
9890
4142
5705
7861
4496
776
5285
4304
1640
6914
4422
5447
3656
7945
5962
5822
9762
4685
3042
6015
7384
9715
1340
8281
8403
3061
8591
1448
8439
8953
1320
809
5173
6614
5681
5631
90
4655
8262
7597
1920
2984
1725
7275
8109
9676
5030
947
5669
4313
3607
619
9263
593
2208
82
5908
3914
8393
2656
2285
192
2675
5818
5710
729
3987
2657
7897
518
7652
6537
4297
2920
6209
717
3196
1382
2992
2247
7688
7783
7185
9832
9943
767
6975
8166
5873
4434
2648
9782
2847
2049
6224
7446
608
8083
8623
7307
4325
8856
5594
7380
4234
6850
1987
6963
6824
5993
809
9809
3366
8964
3747
7587
478
7723
7577
6047
3089
4730
5344
8492
3239
3139
4051
4003
7995
379
2086
9340
8180
8782
1970
6010
3682
9624
7842
5823
1032
300
4970
1753
7163
1634
5152
1940
7840
3624
2311
8745
9915
4876
5977
378
36
7896
7908
4882
7455
5470
9933
7367
395
201
4422
7604
6087
308
7501
231
9215
5864
9934
4296
8271
1139
1844
9881
9626
9431
5627
8128
5706
9363
2698
8764
9533
1233
2351
3434
5128
2366
1031
8827
7121
2788
9166
3955
9378
7875
1572
9158
4139
5151
2020
1431
214
2666
2140
2120
7476
2504
8908
336
6186
8919
6799
5612
3966
7878
2397
6169
1661
7368
3795
8038
1841
1375
893
5020
9103
6074
8437
666
2697
5777
7079
9134
3003
4132
6676
5110
3208
1617
292
6262
9735
1023
6562
7231
6264
8877
7153
6566
3542
5921
1841
9064
8965
985
5754
9189
3466
4750
5879
9265
2531
6735
5771
1182
48
2203
8887
5644
3143
250
9900
917
7781
2511
9301
4645
8567
2220
1742
789
607
5310
134
4099
2758
642
3124
1413
7541
4093
7926
2696
7830
6373
5454
4273
6074
6819
4260
2227
7238
3755
7870
965
4809
3501
4960
5746
8920
3591
8554
3717
1862
4655
8134
6953
1064
5741
2305
5831
8834
251
3684
4667
2039
7082
598
5237
1667
6551
2934
5514
7615
7692
6217
4273
3588
2717
3676
5335
9012
2705
1388
9925
8607
1184
5959
9747
285
4979
9775
2293
6317
8045
2197
6004
3429
5749
8236
4754
8909
5018
772
1450
5834
7925
8551
1761
8559
4075
5888
3189
7640
2173
6439
1427
9339
9648
4611
3896
2854
9799
9120
9424
7500
4482
9391
463
7960
2742
4471
5886
4826
707
3234
4804
7326
3809
6010
3895
3123
4730
7828
7859
3570
5932
6373
3364
3728
287
4941
1989
8412
1109
3335
2790
6021
158
4418
9266
8271
2868
9457
1695
1449
4278
5124
8985
1686
9645
5602
2784
1874
9253
960
1888
1133
3368
2143
9802
3924
2966
1063
2795
6106
8918
7958
7755
3700
5663
8025
6644
3685
7947
4891
4015
8800
8130
8037
9288
2372
2273
9820
4333
632
1483
906
8217
5729
7205
7757
3057
4457
9081
6467
3571
4414
71
7326
2111
505
2350
4618
8676
7431
3945
3505
9440
9768
3069
7883
4561
6077
531
4113
4972
335
1804
10
3684
4846
6722
3675
8752
7185
9547
6605
7883
5241
3155
3149
1062
558
7053
9141
2756
3749
8987
6261
931
8767
6348
107
3335
9550
7718
3652
9098
2349
5937
1628
5747
2349
9785
6290
6179
9453
4958
2376
2072
3733
2886
8909
7378
4007
6352
9267
485
9121
2031
2619
5857
7358
1769
1615
3126
7365
5684
68
6511
5859
4432
9512
2107
7097
9918
2824
651
1638
692
6588
4685
3924
3982
871
8294
4913
5284
7267
6290
3096
4085
8161
624
8032
7822
6463
8330
18
8071
7895
2997
394
9235
3155
6458
3710
5038
9783
2159
4872
1802
2082
5185
9984
4716
7181
9312
657
8244
4443
2633
1684
6585
5829
3410
2496
579
3260
8397
7732
874
7491
623
4355
4874
6029
6
3663
4567
3099
468
7055
2529
134
7487
3718
5368
3668
4012
4270
1683
5948
3964
5386
6147
2749
1715
5229
7069
2981
7973
7080
5263
1623
3885
903
3759
4670
3574
3162
8038
2534
8343
3698
9512
9641
6094
7668
6282
8517
6893
8579
9359
1534
359
3423
5492
2412
7435
1372
2184
5057
3962
3239
1361
4839
6559
3839
9704
1794
1686
1335
182
5274
375
6502
7516
6765
47
2867
8215
860
8029
7010
2773
4112
8622
7090
7106
1
6511
2152
5911
7346
156
3285
337
3700
2506
7974
7371
9721
7765
5301
5194
266
9819
8355
9988
8377
5332
6941
7503
5111
1207
6256
5157
8549
9630
1185
3454
7392
2502
3156
5718
4556
2143
5335
9637
6252
197
3243
7700
8442
9638
4742
1343
3581
8929
8273
9053
5718
1306
8321
4862
3601
8973
6910
6020
1235
8136
3299
2472
3058
1917
5708
2936
9719
9106
3524
762
2415
853
2621
822
3724
4371
8595
3364
9914
9002
6459
1091
5994
7577
1844
9688
2112
8747
2482
4506
4783
8276
3036
2742
3069
450
8597
8272
6834
3166
2966
7572
7073
1670
7812
2524
8960
4966
5922
8926
2044
3879
5080
6003
8267
1333
8130
8985
7165
8968
2677
775
672
8596
956
2310
4797
5808
8989
6476
1642
5883
6852
6364
5006
6247
3061
2086
3839
9282
3075
3972
185
9573
4067
7051
9347
4926
1153
569
9675
1050
2802
9029
781
1830
8312
2958
8310
8114
5477
5961
9496
7921
7033
5515
7609
2973
9800
7932
8898
8099
2150
5785
2342
9998
6468
819
2111
6445
9635
5650
8934
9252
4024
2402
5653
7081
4853
509
3035
2524
3094
725
6690
1910
4661
3891
6766
6628
8209
1167
3021
2484
7961
9348
200
8741
4076
1161
1546
5125
5390
417
914
5040
930
6793
3214
8089
466
7989
2344
2946
1359
6598
8259
4107
6032
2038
6049
2231
4443
6833
4395
9986
2656
1003
7243
9206
434
2834
7684
3946
7344
34
3965
8651
2749
5021
4695
3432
5781
3084
199
8518
1558
5489
1568
6922
1155
2896
929
2337
5087
38
7943
4231
5255
9554
3230
7030
6967
513
6018
9550
6491
893
2292
8656
8810
2270
7369
8650
6749
3624
5036
646
6889
2049
2655
5962
4143
8815
1957
4135
825
8371
2860
1705
2467
2758
1056
6573
1099
8840
3262
9576
6202
9277
4435
2237
4353
7392
1155
1616
8560
4104
1239
1813
6436
4503
5749
5206
7870
793
7336
2372
9538
783
2933
2094
1844
2443
9526
9732
2309
4561
8576
7806
7354
8907
8195
8960
2998
1342
5398
7175
950
4856
935
3491
6352
6501
3907
5819
2125
4354
9953
6172
5083
3264
9754
2218
7736
2858
8266
4663
7389
9187
1470
7979
1368
6578
9226
2866
536
4532
5704
4203
2931
2911
5081
7929
4162
9521
5619
6503
6404
1642
3028
4507
6445
6478
4351
484
630
2816
2779
1563
3429
2378
5501
5449
7261
998
3208
6800
2788
5032
8809
3056
533
6493
9455
3975
9433
5070
5291
7556
4808
8432
4488
491
8441
9548
7121
3921
1602
864
4519
5219
6203
4487
9186
3288
8449
6253
1083
8826
9773
9780
415
3615
1587
8553
8550
1832
2192
7306
8565
6147
9649
436
9210
6561
8294
3943
1283
8564
4130
3043
3800
5781
9687
6518
6514
6423
8863
6794
6726
2272
7457
8981
3472
2618
5592
3959
1268
3563
7024
9680
5088
9927
9545
2657
2492
3229
7316
8074
8582
9649
989
3982
9303
5682
9751
2638
2945
218
6433
3312
3518
4887
4751
6140
6275
4498
1474
6204
1714
7016
9793
6438
6853
8974
1877
7866
8726
6310
5584
9239
2012
7642
6159
8390
9362
1950
5329
2382
8220
8414
9799
143
275
56
384
5660
8290
3836
3184
733
7827
6564
2474
4542
364
6442
9228
283
3809
9718
1892
5331
3216
3034
2401
3799
2448
147
5870
4827
8344
4756
4910
6389
6673
1398
3394
1932
145
3658
9642
8953
499
32
3793
1135
2975
960
7629
6319
3648
3751
2643
2628
9221
9360
2953
7030
8294
6607
2488
857
2029
5663
4586
6329
1704
5422
6823
9446
5105
988
9591
374
3225
1370
900
837
4537
7809
5701
23
6770
7722
5874
2320
3704
4750
2700
3950
9102
9668
7185
5947
4950
2947
2767
4126
5612
3914
4369
1534
9199
2953
2583
9289
1462
5155
5930
4736
2187
4711
7291
1811
1804
6736
1177
8825
2175
370
6990
4726
4328
7889
4027
1639
3035
8046
9062
1018
4596
7351
9966
9779
8378
2406
8219
8720
4017
143
2628
62
2305
5338
8622
1699
5541
3433
8503
6809
3521
7104
6992
4406
8269
96
478
3076
1148
8896
7737
5309
8336
540
1335
4806
5170
8280
3285
3828
1561
4657
1896
5157
833
4886
2276
1823
312
4294
1649
6068
3357
1166
1392
9696
2598
3428
8449
3344
3383
509
3948
7519
8081
433
3536
4728
4406
418
2384
1956
9292
1968
6301
7609
2667
9931
6098
7996
7645
9471
4275
8386
4111
3490
310
1212
5487
6548
2026
5698
3278
5756
5214
3144
3948
4152
1628
790
2890
1845
2725
7814
9449
5470
646
5692
1324
3918
5836
3561
5924
1308
1782
5946
1656
4179
3119
9555
2884
1149
2217
6311
7336
8375
168
1783
6064
7048
7862
8999
2409
8301
2225
8853
1103
4910
6257
6790
9715
7835
9919
5302
4173
6495
3769
5243
1282
5181
4604
1728
2517
5797
8707
6240
3084
9742
8981
9335
3600
1648
2921
8083
346
1377
8431
4003
5311
4644
2216
177
1505
3642
7418
4325
5897
1294
2027
487
7941
2308
1744
6793
8807
1528
2616
9564
2274
2671
4257
3393
3886
4382
5388
6771
9684
4112
6652
7334
3485
7935
832
5341
2516
1793
6097
1000
3676
7785
142
4053
2396
1204
902
6384
5392
88
3117
1356
9296
4025
4830
4687
864
673
3663
2287
9271
6028
4689
9196
9498
5334
8795
3543
892
5214
7569
9518
6570
4678
6121
5967
7129
9398
5887
5751
2717
2636
8012
9288
5145
5099
4247
5753
225
5081
5277
3452
7691
722
289
9121
2635
4400
8923
5229
8636
150
9913
9438
8348
1676
1901
8125
2646
2148
4919
5277
5495
5812
6047
1081
1124
8589
6816
3159
8627
3317
3564
2563
9135
770
3221
3442
7117
2807
9351
9556
2893
4172
7096
6100
6535
6047
5531
7418
4947
8445
5490
521
7270
9229
6653
739
6812
5055
9515
7878
9455
760
9006
5457
8595
6259
6430
9658
1252
6545
4722
8890
1432
6861
6989
2594
854
4260
6113
3255
669
1004
1991
5392
9841
6104
144
1294
6488
4279
6359
7875
8200
2503
3384
7588
2671
5089
5124
8261
3930
9875
7977
1868
2581
1821
7372
6251
9099
8082
6882
1308
7543
9288
5296
1159
2601
7073
374
6402
4393
8951
1237
5121
6275
1569
4592
4956
485
1103
8986
6351
8928
3370
7121
4739
9982
3014
7774
4811
5339
7028
3133
5773
9625
3661
7847
6382
5712
9667
6695
9898
3332
2077
1275
6103
9868
819
1220
816
4367
516
1116
2421
7011
1517
2651
8117
786
9318
9054
738
6061
8885
2074
5440
6312
2261
3860
7815
6421
8208
5593
9648
3436
951
8125
6506
5919
8708
3510
7160
5000
3582
3028
5949
9422
3558
4428
3963
942
2525
4565
6204
5925
1690
8268
127
1693
2313
1803
5667
6551
8043
9442
1797
6800
1899
7248
7745
2760
5719
521
7827
2080
1713
558
7078
2828
1193
9967
8912
6729
9463
1354
7132
5968
3069
7045
8027
9984
2112
1783
5082
525
332
2092
5004
9186
6255
1330
657
9408
1881
5998
7413
3296
9607
8938
704
4261
1176
1125
6995
7672
6125
9472
1340
6322
9345
3798
172
2734
9179
2682
4407
731
1518
5501
3334
2460
3303
170
94
8111
1328
4225
8616
88
7189
621
1922
9362
437
1459
209
2566
2640
7384
4925
1806
5019
8576
7841
7567
1302
5878
3108
6193
5683
6236
9363
4964
9543
1075
5462
4957
9358
3929
2639
71
5240
71
8299
6490
3731
4999
1440
2278
7763
915
4996
4684
9249
3441
8823
602
9732
258
3582
5296
9620
5992
3748
4363
8654
4083
234
1528
9441
570
3605
4583
3791
3914
3023
8233
4131
4354
1017
2630
1607
7231
5551
7111
7238
2277
9056
7305
7998
6914
8040
2746
7884
5361
9225
448
8111
9639
1458
6963
4818
5797
2754
4848
5473
657
1893
5441
7066
6089
2981
9491
2017
6791
3119
1955
9328
8624
5494
2079
5065
1070
7412
4313
4716
7754
5120
9589
8085
5029
9378
723
6213
5170
2618
438
5151
7393
3223
1963
8162
2926
4317
9688
5630
7963
1310
7874
4553
1747
5563
331
6743
5740
9619
734
2456
5951
2045
137
1260
1345
63
5336
8025
7200
1405
5014
1847
274
3369
4106
6737
744
1770
8787
260
8337
5711
1286
5534
8008
4015
48
7746
4670
7232
9952
962
5084
9300
2521
1070
9941
8797
6628
2690
1230
1339
712
7797
5097
6818
6588
3228
7540
897
4999
28
4559
625
1309
5891
5563
5151
1173
501
7799
5727
6287
745
6168
7438
447
8196
5294
3455
4418
8641
2421
6337
5997
1442
543
4615
1033
5617
5372
9264
3465
3363
4231
2695
9228
7025
3157
7793
2933
6333
443
6194
2991
5461
9891
5266
7801
4425
4737
3377
6065
2778
5658
2540
6168
8280
2982
8548
1764
255
6523
3126
9963
1289
6404
5541
947
6357
5710
6159
1073
9581
828
8009
4262
2075
7253
1576
5854
8243
712
3758
9064
9906
5594
9645
5179
6174
5991
6684
168
4178
6027
8926
9085
2709
1925
7881
6514
5179
2130
2690
3804
7217
1395
8025
2109
2383
4195
367
5775
5165
1284
3268
9958
4310
3792
1030
6485
5675
559
9164
3635
4921
4496
9377
3479
306
2623
7471
9559
5623
7005
1799
4106
4572
957
1653
9259
4706
3566
1649
9770
3652
5850
9845
6559
6171
7585
7965
3413
3024
9671
8291
3062
6547
1998
4966
814
1333
1420
2407
8888
2537
1756
4923
3923
1244
7778
8385
2003
2349
7168
5234
8038
7039
5556
7233
6153
6284
2543
7078
5696
3732
1930
5148
680
6197
8741
3022
2703
328
7178
9810
1020
7106
1255
1250
2934
8915
6453
9688
3852
4590
9068
1420
5203
1741
1590
233
5080
4197
2311
2504
9431
1233
9940
8956
9410
9218
7783
8428
300
1832
7539
9375
1607
9392
2741
2458
2953
7598
7405
8232
9765
1553
2451
3930
9673
6022
9435
7337
993
4471
5137
7520
8185
9161
8148
6211
1638
9571
2335
9819
8453
4750
271
8947
8306
2439
9279
8831
5776
4845
6572
4189
6958
4702
9668
6843
2640
4672
8948
4662
9368
2074
573
1099
7885
5613
8473
3292
5419
5623
887
7137
1077
676
6546
3591
5063
2366
7039
1160
8733
9919
9394
1027
2325
9735
561
3902
5498
6526
6689
3242
8119
9938
879
7565
385
3383
5860
1294
5720
108
9031
479
1096
6087
4409
7072
5279
2155
8216
9355
7832
7241
1723
2994
7680
9675
7992
9345
1418
7418
5593
2489
3615
8855
6131
9047
5747
1483
6435
1513
879
7699
8860
2633
3307
9552
6218
9423
2118
7326
77
4560
4423
3400
1341
8756
5462
663
6677
881
3453
8293
2375
7341
3546
7679
7784
7652
789
9289
5497
2833
3447
9614
5316
4084
1146
8309
8965
2338
7942
926
2297
5620
4239
7890
4729
505
7625
5952
6032
2227
8753
7995
4836
5074
5634
995
8586
8872
6295
3979
4942
7607
3113
5687
3450
1720
5633
4405
1258
1895
9911
4730
3207
750
2313
4268
816
7156
6851
2363
3705
3010
2219
1703
8314
4911
2543
9592
7144
4071
2682
8032
3133
1384
5226
354
1986
5177
9838
1952
9715
8775
1815
8195
8940
4844
3044
5004
681
2808
3736
4320
5040
2939
1506
767
2341
3050
417
3817
7507
3822
5992
2620
7937
8532
3818
4806
7589
9309
7750
5588
9148
4728
1819
8878
3559
3115
7587
751
9930
1180
9124
8563
6138
3338
9913
1603
4142
7363
7114
5041
6
5096
2799
9367
6915
4820
9828
6212
7892
1634
8883
5241
29
8683
365
7671
569
9354
9318
1070
6795
4093
8825
3330
8532
117
1228
8316
5773
8818
1641
955
1754
7868
4267
6209
8743
1406
6105
1181
3774
481
3030
8150
6392
8931
4348
4546
6278
3840
8689
1997
2328
8798
2183
1554
3274
8401
8040
901
7192
2803
8095
8444
6784
1056
450
8566
6104
5969
7905
5323
9134
5438
5975
2010
3395
4836
7258
2542
8570
8068
9496
2644
815
8922
3152
3135
6721
177
2127
4082
6233
2188
7847
4647
4111
8818
5362
7355
4394
1524
326
9382
1120
6697
6946
8730
6006
9708
9352
8117
1662
4573
9352
3497
806
1557
4583
8376
3656
1128
4475
8655
1026
1097
2975
7371
213
6703
6529
6035
3118
4125
2258
7847
9206
4626
5035
5563
4425
7430
6406
2052
9836
9029
2486
4715
2737
6283
3479
4373
4605
3920
3232
4639
7687
5045
6410
6174
2068
897
2832
9958
1240
1876
5567
1286
8223
9365
5153
582
1323
6316
4483
3320
5839
6150
3208
676
3002
6851
9811
2591
703
5669
7230
8421
1442
4081
5793
1185
6099
1887
441
9791
7070
9279
9626
9916
2682
2602
7321
4407
1372
1226
8077
1893
3206
1244
1214
3023
922
7131
1961
8169
835
6545
1647
3314
1152
8317
7735
3260
3588
1128
1743
539
3771
2405
527
1987
6668
4498
2826
7541
9304
4219
3533
8955
2005
4514
4268
1557
9217
489
6062
9815
7911
4108
6592
1943
8199
2354
8288
8670
9288
8217
1095
8626
3130
4184
654
3894
6073
1467
6618
5962
5479
4934
4100
9084
40
6918
4041
9255
3699
4404
9109
6878
1899
5480
9609
6541
655
9674
2003
4970
8519
1739
5718
5044
9012
3444
8960
6390
3396
1354
6869
382
3006
9291
5910
6436
7249
1430
1844
9261
7125
2039
8511
3509
3027
4455
5128
3277
2355
3032
5402
5841
3530
9472
9923
5840
2876
7425
5474
9054
2513
2891
4570
5608
3005
2473
6117
8505
3106
6321
5983
6248
6583
1036
291
8820
9271
5484
7703
5075
8736
2793
5255
2412
6925
4949
9439
7286
1219
9806
7258
8243
1120
9177
9268
3460
9326
3602
3422
9704
4764
2721
6643
6646
4488
1930
6899
6920
4661
1650
7745
2828
3875
7967
3564
5469
8456
8329
4650
1378
7194
5116
5784
4596
2215
4285
1777
6431
932
9484
6563
22
4514
6409
1116
7631
4713
8107
9881
2423
8374
986
5480
2253
5753
1632
8686
395
2813
7782
5377
1160
5286
254
9163
3473
8301
9503
6721
1747
3070
6421
3886
6849
97
7258
6111
1454
3377
5482
7996
2029
7742
3118
8137
2825
6965
1205
66
7612
9730
3076
3459
3607
5729
6815
8589
6265
8009
6149
9662
3712
9624
3636
4663
3795
749
1093
983
2766
5459
5229
6033
6212
8354
8057
218
8826
5371
890
130
8365
3010
5544
8112
9729
6158
4128
287
5703
6189
3824
2909
7726
7308
6412
3847
8713
4437
2183
9979
4212
7233
8820
7295
894
7798
7887
4414
8000
2753
3344
7818
1306
5081
9185
4650
3462
2740
1891
2773
9984
5393
495
7265
7249
784
249
2532
4926
5664
7456
234
1724
4043
8119
3159
5726
3655
9810
4113
7339
4968
3407
5240
6284
6222
4379
5250
5193
7345
3898
3931
2163
3031
1819
5736
131
1533
903
8334
808
7474
9159
2034
7844
6859
197
9661
5064
683
6859
1846
56
5739
1021
7323
8546
4447
5268
3917
5279
8453
1766
1162
1184
2868
3425
8943
697
7469
9270
943
1491
1741
2672
345
7277
4181
4888
1845
559
7698
8979
4104
4728
3090
5978
4182
9206
8210
3145
3853
9534
8080
5484
3763
1271
3261
9411
4159
3703
9838
2710
5638
533
5873
7613
3956
9513
558
9651
4021
6900
9074
3039
3542
1833
5093
7073
4310
225
8769
7220
9526
8950
8575
4746
919
3365
9488
1965
6332
6431
9829
3596
4347
9149
3152
7437
5729
4993
6957
2628
8317
2362
2205
2768
1511
9230
1504
955
137
3513
4186
4062
1926
7393
8722
7153
6247
4142
3909
717
4539
3542
9628
1856
3819
732
9062
969
9049
4415
5472
7734
9855
7065
2646
9417
7574
6406
4850
5365
6771
3465
5001
8842
7084
6904
5368
7270
2209
8128
9920
1249
6997
9775
832
5507
2488
8255
2375
6071
8142
5076
8245
79
3785
2435
2815
8516
9514
7781
8215
7756
9783
9390
508
484
3632
2806
6668
8954
3588
9257
1256
325
4962
5468
8800
3125
8663
5518
7910
312
5465
6744
6067
6055
3938
4037
6184
5265
2994
3460
5168
8259
6300
4513
3928
7578
7488
2325
7165
170
3927
5284
8800
4624
8296
6075
8720
7024
2724
9690
8161
569
1145
4441
9354
7402
767
9990
6634
9856
9141
931
2913
2230
7577
977
7200
8814
6005
9602
500
942
7778
6826
8772
4840
9702
2552
113
2341
8566
7213
2236
5633
1231
9015
8447
5475
8337
9867
9586
5508
9226
7812
9760
4492
7397
2639
9785
3913
4186
6115
8726
8082
4612
1854
198
106
4876
369
9126
2251
5036
8948
9788
2518
7846
5561
9245
8548
2242
1278
1028
4325
4203
5656
8742
1972
2085
4064
1689
1485
743
4936
4307
7901
6498
6325
7472
8919
4905
3948
7132
942
5071
5140
1964
555
1496
760
9090
1057
7181
5243
9002
848
3481
8172
9249
7925
9005
4215
2330
4506
3386
5741
3868
9714
2181
1790
5279
5240
5219
511
7617
3728
8206
460
5222
1838
7968
4397
9614
1193
9018
808
8310
7158
2651
7251
6682
1029
9587
3019
1860
6374
8289
6814
6080
3995
7909
221
8351
4167
2718
5471
8202
7540
8692
6852
5760
9962
7843
6667
5127
6034
4368
8015
6700
1
9355
3248
8431
3494
9702
5863
4800
8274
2498
9682
8166
7855
7526
249
4713
2512
2295
8332
1240
3580
9511
8072
9629
8843
4756
3050
7359
5113
2096
3802
8731
6658
2230
7755
1547
1898
5771
5530
771
5798
8466
3413
6782
2112
7622
9343
7269
9737
7925
5744
4804
631
175
21
8936
2660
8525
1844
8007
2495
8582
1075
6923
1358
4975
7687
6612
1658
1169
2240
814
6280
1588
9715
5046
7674
2169
5350
8062
3084
6281
4229
7500
1412
4097
553
1101
6174
9964
5568
9992
5726
6844
8748
1230
477
5017
5728
7236
2212
7549
162
6567
5981
4875
6129
7032
2104
4495
3389
9839
1013
8000
6752
327
4329
3425
5787
9865
2318
7000
1234
789
9845
7613
2336
4923
1124
340
3334
8710
5729
6423
5564
7989
1072
9511
9858
7320
4325
3367
498
8272
8097
9336
3378
6878
9340
7753
4804
9976
5429
6262
5436
6420
5187
2982
8019
8912
2109
1269
4743
209
7099
6840
5634
5005
7487
5908
5835
7545
8913
2711
2729
891
6562
2988
8319
4452
6252
3699
2817
2486
6099
457
6109
8682
6698
7924
5885
494
9445
6756
4786
7261
431
6198
3978
5861
6658
1836
929
7675
5538
4975
1554
9
9811
2276
5368
1104
8504
6776
5509
6723
8890
8869
2319
8683
1570
8778
5998
3182
8757
3144
3015
1702
8844
3604
7423
5236
7051
1333
49
3024
9102
1442
7581
797
6946
3069
1179
1545
4516
432
2734
9812
6243
943
9731
9009
6358
7391
2565
6588
7331
1948
4035
426
7414
1024
2446
4445
5397
5714
231
1241
2282
8508
9640
6198
253
8112
1454
1130
6953
2485
7082
8869
3849
82
6027
962
9397
4166
4556
1007
208
3511
344
296
2312
4790
1309
6754
1161
5934
7490
9283
8932
8430
6068
3645
4861
8352
5608
5281
4500
4380
87
9375
5904
220
9708
5593
3461
457
3532
892
963
2128
5764
151
2943
8700
2800
4828
8406
1868
6789
9301
6453
8417
1577
429
4483
8811
5706
6165
516
4075
121
8681
1757
5591
924
2824
5893
6921
9830
3632
1775
8848
5233
7182
1288
3292
2618
9356
1895
4964
817
3819
5118
4913
6497
2752
7412
3640
1902
7236
1141
5872
6789
9994
1179
7452
7001
934
7592
8709
8656
9892
2139
1346
8042
3298
7133
8770
7714
611
8413
8383
9034
5665
3157
4949
4180
7004
7911
8774
1888
9846
753
7806
335
7193
2437
9029
5013
9447
6739
8173
941
6110
7177
5106
1936
9749
873
5305
1005
2952
7237
9555
6216
2397
9676
1347
7658
6977
510
4488
1343
5456
1738
1881
1259
423
8796
9519
4802
920
5882
8403
7590
7104
3530
9769
3519
601
2294
6555
6094
6520
9412
1274
6635
1660
5955
2297
542
5233
7223
95
9813
7896
7027
398
9856
9130
5255
9108
6558
1571
7542
4780
6607
5375
871
1127
1023
1250
4184
9184
7595
202
5324
4034
2943
4189
2057
8239
6433
9806
7624
1540
2027
2092
8459
6916
5143
5306
4404
5546
9529
5204
5241
3872
413
9111
4090
3863
8911
2031
4245
4440
5440
2172
4281
8978
4816
7514
7291
9633
5976
7398
9512
5743
5633
9994
1475
9413
3775
6670
151
6376
9017
9174
5098
968
1952
1589
3805
5894
3493
5778
6726
9192
4969
654
3065
1866
931
7338
8900
8604
4378
1208
8043
287
980
959
6347
7506
3636
9655
9385
1875
8143
7853
3176
8772
6569
368
1476
3437
4007
1189
4258
2656
6161
3557
3695
7921
3666
9369
895
1004
8232
5665
6504
1203
2250
4533
8888
136
7117
1383
2657
2597
8468
867
5175
371
4627
982
7783
3772
3237
2264
1944
6863
9625
7288
3718
1716
135
2861
4527
6898
7193
4226
9983
2163
3004
3993
9889
2432
8027
9199
3276
1413
7462
80
2680
2245
5524
9961
8600
9939
7910
5774
2846
1305
3546
1667
6099
4638
1055
9245
8022
115
8536
6141
6480
4533
938
4348
7828
8184
9237
8021
9951
6559
1532
627
670
7063
8094
2097
7247
9648
7968
414
8695
8879
8396
2995
6055
5788
806
7235
368
9688
8806
565
5898
5814
7563
968
6593
758
3030
217
2646
3423
8358
3403
6697
4098
6672
4275
1322
7398
6833
8030
4504
3721
3826
4648
9668
5358
5753
3812
7506
4672
7654
9294
3215
5845
1379
498
2492
9312
7340
9886
8615
9365
7238
5380
3175
6952
4372
7434
7158
5932
7355
2929
9029
3256
4910
7457
3822
8557
7183
2428
9195
1474
7333
6667
8093
9554
1515
3777
1942
7219
6371
9905
833
5000
7186
5182
4860
3178
7097
2165
2106
4579
1714
9990
5111
8973
3890
3313
4833
7835
5004
2952
7946
2413
1985
7228
9625
4264
2878
1779
5900
9226
1435
8636
4695
6066
7229
8567
9824
1877
8134
9486
9639
9761
8277
5967
4899
2770
634
9192
2225
9737
6675
1078
2262
1346
998
6246
1174
1382
9044
7716
791
6530
4405
1894
9522
9809
2063
7337
185
5238
5555
9463
9036
9121
6027
1679
3800
3344
5076
1741
5411
1722
3761
1246
3328
5793
1208
2695
23
323
6260
7614
4906
365
9902
6664
9493
5730
7869
7297
6773
3882
6356
4444
2568
6568
3403
7773
2471
2301
6922
4330
9741
3979
5011
92
3356
7250
4205
1678
8978
7407
6581
6110
1934
339
5243
4138
2695
2929
2616
5591
921
7762
5083
1001
4439
363
1737
5089
8380
2740
868
6244
5759
3736
3109
4922
8704
9352
2909
5208
5849
2562
4555
7535
8982
9159
9618
8884
2057
7896
1968
9875
7285
5984
9988
1260
8204
8358
4291
90
7882
3806
6458
3948
6602
3640
233
8782
4011
8125
9099
8367
8461
7533
7764
894
3454
3909
7069
1352
7200
4825
4509
9775
1235
3776
8984
5553
6177
9866
59
6028
846
2542
3391
5364
8088
3802
4823
1684
6704
809
3374
2188
4709
2866
3210
9565
6926
7599
8936
2187
9205
6064
5304
6381
7026
2899
4449
8767
8635
1079
1311
253
4001
1445
524
4453
179
7294
1187
2920
6508
7471
7694
6407
3409
3300
3799
2033
4485
6819
1898
5796
540
9187
6256
2148
498
1495
8514
5194
9078
1357
699
5871
3403
1253
5705
5784
6846
7128
8573
2500
9505
6176
7707
1975
8016
2727
723
5886
4944
826
3978
8040
5581
7912
7521
8994
2968
3484
2023
6261
8928
9914
1092
450
4756
6565
266
8784
5625
3780
1269
1549
9284
4376
9508
2137
1831
6944
7952
5294
7552
3790
6080
3349
4058
6362
772
5611
9559
551
4034
1517
4101
821
5736
7014
5024
5015
9445
3870
1044
3683
9606
8894
6179
6134
6916
8336
7133
3762
2896
6747
2279
8104
6169
7160
4513
1582
395
2562
1321
7532
74
3419
6071
5717
8003
640
163
1870
7666
3999
8286
6922
8872
1248
2341
7512
3960
2021
7230
3248
3294
368
2188
2248
2645
4205
3509
2960
9379
6661
4791
6984
8729
2404
3258
719
2833
8806
969
2264
5188
7728
1727
1458
8866
7931
7602
979
6365
9098
1739
6181
5813
1105
7018
4541
3847
6307
8200
3018
3321
3323
1214
9518
1643
5169
1919
2184
5433
3571
3793
9337
1838
8720
8447
8004
6523
2482
2143
3305
8386
8670
5188
8550
400
827
9279
382
5071
9933
6046
7586
8487
4021
6767
9527
507
9414
7154
7444
7238
4786
7060
321
8224
4518
927
9741
9292
7524
612
5264
7316
1390
9964
4464
6351
4134
4316
2574
2438
1345
1042
1579
5322
9876
6013
2132
4018
7500
1102
5196
4009
8451
6863
6728
9073
2574
4973
1135
5426
5343
7110
924
1550
4741
7776
2515
3822
4190
2019
1678
6010
1265
3108
3466
9628
6714
7247
6809
2995
7995
4986
2924
3449
6136
1774
3765
8162
5639
8695
1248
1768
9119
8251
2550
8011
9127
5454
9981
4629
9951
6908
5053
5905
3833
6849
7382
9878
4602
833
5385
837
3326
9324
7526
3469
5756
2830
7935
156
2375
2239
9121
8430
3192
6056
3970
81
6947
4008
9166
7574
825
5037
605
9839
7322
7244
6117
7163
1334
8381
4589
3064
3119
6694
9237
1699
2771
1946
441
4586
2648
3594
3029
8903
5817
826
7366
910
8455
4796
5833
8542
937
1627
5460
9593
2907
5817
2144
3125
33
4421
640
1791
9556
386
861
7331
4087
393
3622
6141
803
8381
2662
3416
5062
6771
9393
1807
913
100
5756
2440
1836
3471
9984
9817
6334
8940
3852
9827
6714
4356
4665
8053
76
7829
7663
6810
3452
2411
5043
1688
2933
3
7471
3939
6646
4915
2606
5455
844
1884
8461
6093
931
9105
4256
6386
1616
5945
4839
2103
1658
4708
8070
6982
8362
2093
525
1263
2396
3915
886
6531
7803
9606
9758
51
5432
2780
7076
9885
1640
7970
9568
50
9165
3559
9077
9075
7886
5805
6805
2404
6244
3271
3240
5366
123
5705
3321
4446
6186
269
653
257
2955
2915
33
190
3658
1953
2305
527
7906
1923
153
2134
1329
186
6664
1549
9287
3340
4560
6098
7775
5244
2107
4116
3825
4193
3425
8914
7194
8574
798
284
1825
598
1866
1618
7840
8433
7622
4647
4772
2429
5438
9210
4577
9072
7711
2612
6913
3003
9424
7258
2434
5994
3919
6989
2060
2172
4089
6712
403
3831
9917
7261
3217
8655
628
861
6984
2784
6388
564
2433
4423
8913
9977
1893
9226
5949
5542
3471
2959
9539
682
4237
2603
5512
9968
6122
354
923
2501
1648
2761
2775
3634
2441
742
1563
6556
6363
5354
1751
5433
2221
5949
6091
7463
7045
2519
7263
1154
8034
7230
176
8777
5876
9990
3936
871
8499
6292
5584
6218
8355
3398
7642
4644
5520
811
2281
5778
8992
7155
7281
539
6106
4121
4684
2763
8565
9855
7099
5997
5489
7470
9284
1014
5343
6740
3060
6978
5352
8530
792
6490
4567
4897
4451
1231
4762
5783
9045
1359
4497
1556
910
8964
3982
5761
8969
742
9885
8180
3619
1434
2469
659
4060
7830
2063
9020
819
8031
501
678
9826
5166
307
4927
4190
3146
2951
9681
7737
8240
1849
837
7622
6396
4782
9517
2892
5414
3835
4231
2116
9756
7382
8201
2444
8327
5188
4736
3037
9592
7354
9316
4505
683
3994
4952
530
1291
7134
4639
8075
820
8247
6752
1573
9359
6334
6869
5899
9806
6246
7979
1340
2634
9252
6459
6793
3407
1666
4931
2568
9775
9896
3349
2292
8787
3262
2182
3187
2832
7762
1826
9523
3141
7316
8183
1574
1805
6127
2705
6037
3555
3172
6643
5645
5201
8613
4913
9400
1978
4900
1339
507
6590
1611
9660
5725
7917
2041
1491
2787
2582
2853
9083
4632
3579
832
7805
7909
1623
8600
3440
3558
3510
2577
340
9003
6402
7810
996
9739
5684
2206
8413
6193
720
7895
5068
9537
3860
7516
8548
4972
7159
6781
6461
5310
4486
6013
639
4539
4935
8691
2013
5547
2406
2123
9226
7251
2800
1202
5143
1813
668
3575
9810
6926
7514
9705
4792
7830
2749
8407
1896
5379
3257
3036
817
7728
4901
3827
9990
9788
2296
849
3452
9724
9594
1654
4201
142
8245
9233
1771
9855
4829
8861
1536
7411
8981
1253
9312
4195
9080
7889
2244
3446
9672
4481
2455
2869
499
5758
5321
8426
2445
6005
7199
4757
6699
5368
8654
711
2900
7593
7379
1489
6826
8057
8355
8270
4649
7256
80
422
2675
2364
3010
5073
5964
9802
8953
6692
7287
7051
8709
1997
5700
9618
3325
8837
7975
3578
3894
2876
3261
8538
1028
431
9928
2963
5862
1722
1310
2265
5624
3124
8507
7386
6328
4518
3242
4938
7430
8926
3934
3725
7001
9262
6372
470
3966
9061
4538
5430
5454
9233
4093
9498
3239
2741
3552
4516
2762
7583
5101
3092
6386
4215
9828
9331
4174
2765
7114
420
2476
4639
3151
9638
4397
7589
5207
3797
7568
5796
3735
8486
3379
7345
4507
4046
5754
3911
8547
7306
1434
7990
1300
89
3254
7692
538
8346
8577
4590
1506
945
9670
3967
8563
5232
5489
1707
41
8472
4185
3799
5126
8262
744
6758
1253
6947
533
4108
5830
3399
9457
3677
4351
6547
810
6061
3348
8283
9341
904
6713
9917
4401
4699
3609
739
4778
5706
4993
7167
2537
1721
6399
3873
5344
8469
5943
3960
5037
7878
8302
5620
8921
7940
5667
4213
493
3823
2779
4100
2406
3656
1190
1614
8231
2349
1939
9561
9269
4660
7347
7225
186
7789
374
7209
3186
7545
4100
1430
8600
4479
9205
7864
4464
7990
8051
3135
1086
7748
6919
2236
2037
53
1281
20
4870
7905
7253
9118
7857
1002
3179
3395
4812
6609
4039
3527
1732
7888
1613
8643
273
7429
6811
4843
9442
6443
9728
3709
1105
9213
7467
1741
6519
7875
676
7306
8157
6469
9082
5463
3420
4854
1889
9782
4219
9231
6104
4212
5825
7718
1251
7055
3848
1954
4130
637
5384
1484
3047
2621
717
5232
8721
3741
6744
5367
7739
4605
8686
1617
2683
1055
805
6036
8025
4599
1701
5147
5952
7588
3009
7713
8132
2179
5279
6982
2400
3591
856
1194
2607
6072
2382
8811
3410
39
7860
7807
3345
9265
5023
4939
6701
6355
7062
5377
6731
6730
30
1090
9343
2270
4455
2243
1524
774
7881
2897
870
5930
5588
9613
6708
4174
7619
9098
7536
4753
8360
6301
7869
5957
7321
3465
5355
9553
6249
259
3749
3309
6067
9197
1301
448
9357
9504
4154
483
9163
6140
3327
5230
2563
2242
3213
9200
513
1487
8228
7869
7770
6405
1593
9689
9197
6761
762
613
604
2274
1677
804
4338
7358
6475
6385
3558
197
5376
171
3378
6858
8908
2123
1929
7427
3406
8490
6797
1543
898
7397
771
1613
3523
2584
6940
9985
2011
2213
1493
5839
6001
1957
2393
81
6438
1182
4915
6295
3029
3509
1274
3091
8364
2699
6721
1802
5326
8205
626
5544
7645
9417
5882
6366
1303
6087
3211
3502
5557
2115
3748
591
6963
7593
8985
5689
8785
1893
9514
9333
6929
1519
595
3060
2652
2445
9840
6813
5633
474
8488
4896
7516
3554
5725
4510
7970
8825
3721
7966
9837
5000
8511
7376
2368
4425
3360
2378
3721
4173
3347
6499
7116
186
5801
5736
1551
9086
7582
219
9264
2790
3565
6432
8648
7557
8625
4702
5661
3318
8695
5906
4095
7883
3668
6820
206
4777
7057
1641
3403
8823
4423
3374
1503
7191
1240
8678
9197
9506
4711
6700
618
5601
8438
324
9256
3620
712
6640
1036
3979
265
9295
6903
3183
3864
9827
9967
4432
4538
7015
7259
2565
611
908
4111
4001
2974
2717
9236
4243
8988
8376
147
9819
4345
1182
1889
3675
4639
9076
2316
6486
9262
7155
6587
3164
2830
760
5293
9481
9758
5321
5639
7753
2839
5037
2044
6603
253
1133
1314
9901
9494
1235
8885
2079
1656
1134
5686
6231
4457
155
9567
5474
4211
8653
443
7102
2550
582
9459
168
2590
4425
8715
7434
4158
5497
7609
7620
1471
8782
2345
9526
4882
3044
1946
441
2143
9585
791
1210
9824
6583
7153
8505
513
3320
1641
1972
1076
6470
3086
3064
4374
5289
7774
9488
2587
9529
7230
3460
7261
1337
1455
6967
7718
9091
1339
5790
9028
6862
1278
8804
2843
3179
7018
8855
9478
4826
2495
1621
1838
4116
4829
7994
9014
9115
4014
6655
1053
8029
9310
2801
7221
5093
9781
2833
4841
8942
650
8905
6690
8386
4883
6003
4091
3853
3240
4954
4172
9597
6873
5252
7191
620
8187
7232
4566
4194
75
8195
8768
3509
5665
7693
174
9195
7229
1072
9441
1025
189
3941
9701
1521
3300
5398
3701
32
8495
1300
5990
961
2575
6054
87
398
5886
9736
5622
8116
1751
8849
7499
7010
7418
4786
7125
1381
319
1435
4168
7633
8240
1540
6915
7673
1567
4598
2076
9223
4562
4645
1622
8702
6793
4517
4362
3739
1861
8614
7563
498
8265
1719
8564
9571
1694
722
4841
8832
3991
7838
479
3308
1235
2087
8857
4878
5647
1656
4193
181
8255
5755
7483
738
55
2599
9573
3272
2521
4746
8538
396
1421
9347
3384
7452
2566
7946
6862
9102
9564
4159
9407
6377
1472
4846
5864
1491
8434
4189
5579
4390
6782
2828
7970
8869
2812
1443
976
1996
8808
3839
3103
8558
3098
5611
6048
3733
5242
3998
6049
6645
4249
5784
6289
7592
5659
1549
9603
4649
9788
8607
4343
1904
7776
9868
6678
6694
2763
8187
3921
1653
6604
1992
924
1575
3664
14
1831
3782
5176
4312
2566
1290
2543
2004
2042
7827
1095
8946
9821
8252
4796
5580
5003
4084
4245
132
15
6812
510
56
1178
3762
9210
3391
5082
7174
5669
1048
206
2530
6917
4686
8447
1640
1389
7000
2470
6809
9219
8075
1217
9989
2600
9325
7234
2179
5113
6304
906
6819
2097
3804
6137
86
5382
4388
4728
3357
2378
2989
7818
6253
5311
1788
3974
197
5169
8452
8198
1140
4234
5376
6706
8772
2966
9522
3722
9214
3788
2110
2185
9582
514
1171
2127
3205
3573
5776
5726
8704
1373
755
2421
2064
6282
5016
6107
8166
4771
5851
462
9092
613
9278
4459
8742
7048
2163
6829
2828
4387
9535
938
7940
6747
390
1980
5087
6018
6957
7266
985
1038
7312
557
6142
4630
9873
4184
2992
8237
3864
5971
8741
4161
6604
8493
9799
9175
3239
2544
2657
4538
4029
207
249
8148
1423
6649
3794
9556
5451
8133
2802
2822
5671
4645
318
170
4376
5033
8131
8970
4862
6381
8618
4027
1864
8849
6384
8451
6230
5695
9000
9820
2676
2490
7205
6965
5250
8039
8017
6699
9184
9420
6747
2646
201
7602
7831
3737
4149
7599
6729
490
9649
4977
6239
2818
8045
4627
6039
4342
8362
8934
3564
504
3596
7219
9422
2984
9332
2678
7861
6753
1284
9844
5604
5602
7221
8226
9426
547
880
1154
9321
4126
7456
3091
9075
7141
372
9513
2821
4616
3035
8147
9035
9187
7920
7283
1950
6854
5078
5719
3106
1433
1127
8284
3720
5097
6402
5174
4439
2946
8028
3914
2646
1802
7831
5042
4356
9563
350
5006
845
4893
6099
5899
2733
7243
772
8068
5278
6699
6434
9026
9147
6012
2897
5429
7990
7334
6767
871
1626
6175
5647
5089
3041
1341
9803
2682
6006
192
2574
6594
6979
5948
4358
5595
7460
7337
7893
1709
7517
6155
1927
6718
9544
4442
3107
4945
1567
2314
9858
5695
4951
5924
9387
9646
8847
7321
3307
9567
6279
4729
9299
4963
7168
8517
1265
1849
7134
631
559
4301
6872
3194
1164
5302
6154
2832
7828
9051
7160
254
9428
4821
4779
1480
854
6584
5039
448
6021
4347
4490
8604
1466
8689
8562
5013
523
514
958
1508
7018
4324
6303
7166
5360
8704
9990
6164
8907
580
4323
7171
2815
7885
7438
9923
4700
4787
1237
4141
9620
3934
321
1650
2214
6728
3095
6921
6621
6644
2192
5960
6581
916
3744
75
5866
2277
6258
9229
7535
176
3587
9836
8185
3159
4136
1242
474
2436
2252
6568
1897
2617
1145
6175
3020
5906
9000
5921
3460
9826
3253
9864
5064
5180
4506
6053
8728
2041
6669
7925
6978
3663
1016
5042
2900
6211
6808
2821
7611
2057
9289
823
4633
9
6229
6607
8924
2848
148
9262
2201
3910
8587
2037
8285
5358
4266
9127
4345
6890
858
3464
2448
7521
3115
5799
612
4156
7480
3181
428
7973
2591
4467
6284
1895
3720
98
9257
9091
914
1152
3272
336
4425
4999
5171
3437
7262
4059
3172
744
4542
3774
4276
4458
6766
3851
1969
4329
5706
2425
3498
1026
6883
2224
7956
1673
3704
476
1613
2272
8296
9188
7309
3914
308
3309
6185
4263
7581
26
7439
4017
8916
6374
7146
8921
1364
769
1463
571
3373
871
1915
9116
6998
5243
5458
849
9231
3430
6916
7501
275
4247
281
6581
7049
7612
7825
4120
5136
1980
6760
5383
6196
8278
9134
3012
6216
521
5269
5807
4703
5446
8199
6896
641
1901
500
3000
1495
7677
3657
1356
1621
4428
6625
2270
8948
2836
955
3311
5545
841
9282
8424
5131
7993
4937
3293
4754
3226
7425
6466
1380
8527
683
7356
3358
3918
1123
69
1328
4255
2997
8571
4686
4963
4103
3527
9825
4980
2222
9030
7629
4284
704
8568
2330
6242
2667
8370
2600
7745
3669
1744
9033
2578
8076
9636
6638
6971
7299
518
7370
6848
1268
8218
2439
3870
7638
7555
1833
2318
5279
600
4440
293
2040
7379
7505
5456
2834
1794
9852
4765
9463
5563
2460
9229
4974
2217
6704
2331
8740
4593
7371
4982
4035
4184
2421
5510
5906
6712
3224
8787
7494
4266
5446
8223
9923
6921
8319
9845
4000
437
2386
909
5807
5872
3804
7072
2842
4750
3254
1029
7963
3962
3036
4362
8967
6985
5181
4017
9003
6284
7874
5080
1431
1907
7121
6158
7403
8099
3876
2463
2219
3843
3120
5456
9897
9931
9564
1795
4874
6584
9652
8804
5638
557
4859
3395
1507
7553
9194
1793
4962
7636
7442
6931
570
4379
6364
1786
6537
8749
4242
9284
6261
5394
1233
6660
5883
1299
1050
3660
843
4653
6628
7562
4699
5766
4916
224
5985
1419
8995
4652
3897
4370
7097
9965
8888
7959
6497
1962
3519
6141
438
9286
4888
2792
6792
9226
1146
8145
2816
6129
4568
1270
2174
1805
873
5886
9423
6425
223
474
9487
157
5740
1593
9469
4078
6024
6397
4625
6442
6013
4498
9704
1150
3768
8902
4985
1690
8186
6349
1897
8049
3689
6554
5677
9381
1480
1167
1830
214
2809
2302
8227
5172
9344
770
2573
8738
7360
7139
8927
5033
8260
9343
3714
2007
598
4461
1965
2098
2664
2741
3157
9967
4667
5935
9945
3439
7412
4314
9889
61
1395
2894
2609
2793
7209
5254
3346
4572
7614
1039
8024
6177
8753
4149
9254
2372
518
64
90
8186
1574
54
1867
579
8327
4395
2976
9291
8428
5207
1287
5020
294
4544
5504
3676
7600
642
2459
2160
4683
5817
4202
8901
8871
5388
8151
5456
6371
3652
9722
5174
2323
1422
6867
3843
7935
9423
7894
5623
9335
8531
2061
9318
7839
9713
5882
7870
4089
